1.0620304024387361 8.850175913614958
1.775369633233875 5.804749530310626
2.004148423425069 5.657974673377054
4.924309507270245 7.579714025177801
5.932677299564692 11.183283050360142
6.729825156080553 7.762409296163778
5.189328291048072 10.401507260718054
3.431236070821392 8.018281936458957
3.109321886655075 4.428357026516908
1.4834595217141708 7.579580265718963
2.991663412186414 6.0344007688397765
2.599577031929149 10.036738660237958
4.165066421096736 8.772739964392493
1.0492584345577307 7.810846660668786
2.1670397846798113 5.3928441732110155
4.899772418310367 6.143072868375353
3.9153064696215023 8.09125015555903
4.682844331147438 5.970978591388038
4.3625839324969995 6.840274285634632
7.024209018893845 7.494238766300803
2.099575769942919 5.174387008480986
3.233978563657134 7.5612839439821355
2.2405436574088866 10.0547993034374
2.616085139491539 5.5370603438265436
1.1208806011869918 10.475235071649635
0.7180115466261103 6.97376821684431
2.984083429123134 10.37462555883094
3.419297280527993 8.211153003463322
7.361330335766082 6.608917954257718
6.271189641434775 6.3475002999522525
2.548126896995334 10.784099438138771
3.757156431162061 9.684557590041535
6.243410767379471 9.452440484251031
3.958325813966672 8.13169344745371
3.2988948260713014 6.522178563618882
1.9869942182554712 8.028797820015878
3.5962288714250508 4.318887456447619
2.6027691746325496 7.218509227065105
4.452947130014124 4.182682842322734
5.725185084501587 8.586545235112618
0.3444183183393221 8.082923133485524
0.32173580050565587 7.559938327152768
6.2038056497748535 10.931678844683729
3.2667346799862638 7.702735921439492
4.516886809704494 8.362133609424305
4.23295777791127 7.630645578374799
4.1182682577190555 7.346960386666861
4.23115012934915 7.421204751146066
3.386911288150299 8.378724344727365
4.903939834701407 8.1457589244367
4.507578983110253 5.644555427969813
1.6471755431530233 8.39477916060473
6.33179654067976 6.253564560927849
4.883656825165724 7.172342795563593
4.270279350393971 9.414045831414635
2.5183430698596814 8.401318428861867
3.612277006278911 7.517133511310804
1.7213647475019456 10.64864098362773
4.018977761135814 8.020233985572599
3.417065600601374 7.076166598081294
5.322044031369614 7.35585608193522
4.77056431195768 8.62038987481801
4.00056195774546 8.440606889869482
3.7827797631941347 9.090178477373627
5.77584755655991 10.103091979700181
4.0874438508374595 7.997217180329274
3.6470489249922804 8.106646414323885
4.352769910853203 4.127505322411907
0.5581257629686331 7.313547571498324
2.093048272154286 8.02445366094017
2.37874167441261 9.72656107767371
4.089859297919424 9.30842905075931
6.029540783204686 10.578197962315771
3.759971573689298 4.134828046579267
0.6234116453031886 7.73848596419404
2.2460393800549285 8.579361947134693
3.5034637373591715 8.048023133456535
3.774812039328966 9.59392846435142
1.4015072128613202 10.70475409252655
4.786282162355309 7.726945636048369
3.257681062123435 6.124396363310774
3.6867046577222506 8.326272200188171
6.501886431819432 5.206850196924279
3.7610196657718733 6.179049387940708
4.2261067924278155 9.395778221732343
3.5484604292800745 9.51685864363741
1.3720784520296365 9.202109322994007
3.4683472874278856 4.7526697063480405
4.248954701836157 4.295344309702058
5.080776019356991 6.5259524421031365
0.30623319151333117 8.278410132036626
3.471528069478899 9.179870922664042
5.745830652939528 7.381347795156369
0.7747277531117422 8.498369283196599
3.658602772840244 8.31645938044726
3.2389524618223273 8.061397084913859
2.5423488754049086 9.90281316897458
4.741094751516147 7.238985640327654
1.3724543716236068 8.076210938875732
3.0075065327379393 11.554587389242634
-1.4038582015526255 2.702541338941585
-1.0803819059235416 -1.66281312266187
3.2098473366030635 2.3506448360655456
0.38498268210581493 -0.009734884746964332
2.5468326784556057 -0.15600500326962807
-0.7546581898771404 -1.5578571934729226
-3.024479793586741 1.3948766425309305
1.6911585117502397 0.7050588716145016
0.2695355557692578 3.1476597242208997
-1.2468190776675687 2.0678585524610007
0.8555131734411989 3.2492844001795755
-2.5883054547984217 1.4468110553489957
-0.007390316332223374 -0.0031287425309083736
1.2353277994393532 3.2529381286905616
-0.009573292792636955 0.05372140019950402
-0.20343446431833287 0.20764715298649972
-0.4962077617649539 -1.2498391633277968
1.5810775949130822 -0.5528048659685618
0.026840906280265378 -0.007328206079622146
-0.1543953297179654 -0.6257992014777536
1.6689806525545872 2.1720937242438767
0.5487896003150773 -3.9335681263881916
0.568922947669253 0.2955397473444866
3.3521283923201235 -1.478785867710419
-0.550921420051379 0.14335915982834294
0.5476692148784177 1.7224219281334159
0.5183706690318728 3.2255754698726737
-2.427920869683587 0.733471834002829
-2.415553938301169 0.8752231828289313
-1.3547023076614215 -0.25869426559007935
-0.15984186922868282 0.08617942081090009
0.6902637669148874 1.7680883936818081
1.857712638237416 -2.8126640122923328
-0.5602154978125943 -0.4098882935282465
3.7812459520993245 -1.0117501647417944
0.23233991172158133 -0.6270887596858298
0.540403068585291 0.2408966689841836
-1.0217882839404262 -2.6806966080712993
1.991166818681716 0.6495149224618468
1.9361743387382726 -0.8559476964847714
2.8500699793400885 -0.2436817731876329
-0.22345353263424897 -0.7166359540756376
-0.3418848576684483 -3.9673007154740643
-1.2431056831245675 1.4690938134882585
-0.03253960292421673 -0.0948221830011834
1.9386617695535502 0.722369707691716
-1.9161863954004643 -1.0327529030238773
-0.7521934349497451 -0.9983689377628355
1.212010386284175 1.5692094459565105
1.7864766488997348 -0.2736999636231535
3.125460633007508 1.9740208805038415
-1.8885716046288699 -2.205943356743622
1.170066765690343 0.22697129551585363
0.6178262927142266 -1.603153096394698
2.2860664169046685 2.29938574789769
-2.6054237080140137 -0.7337954878963909
2.423174767873945 -2.0558738352977306
-1.0437587104380055 2.6915713728235295
1.181490246392728 -2.985488565245597
1.2328328812153326 0.013233828158007603
-0.4376232444461026 -3.110432147384404
2.9035289461963805 -2.065503501888487
2.2791289184362515 -1.504705330513344
0.9897110186110502 -0.7348354087850327
1.281585375489645 -0.9424937525791071
0.03629230381695286 -0.0036873912455649602
1.164988225212196 2.415955114094346
0.5625097714844179 3.8820096128732935
-1.6328142800160612 -0.871922005685718
-2.0339692660750015 -1.7470011220713129
2.75911334543655 -0.3891274833418614
-2.868162869957258 2.047452739110791
-0.15850661484507472 0.08000891034936727
0.28139304834096485 1.705565603025197
0.877815759161513 -1.0261777854486105
-0.05339272983454998 0.03333508603106669
-0.5017558255107394 -0.03745759915952844
-0.10515244483923687 -0.2675272032310917
-0.9273923407469308 0.6440406159706503
-0.6599015588809319 0.07335970316981505
-1.17562531862846 -0.08148649065061199
-2.065496386467079 -1.069726149999803
-2.489641154995808 1.0907330773816075
-0.7198569361914585 1.6808212972121557
-2.388151494827859 1.4423940095735377
-2.0920821749264835 -0.4112178629189324
0.912159438148639 -3.320706967002871
0.0820959195875213 -0.003739780033076539
2.5809708867611314 1.6801089226176462
1.3604479950549333 -1.4468402127174407
-3.3957236257200623 -1.5553345038425954
-0.9568863903760875 1.3421803886188985
-0.558117471183388 -1.4187317915345816
-0.5217455760258737 0.14770373461517128
-0.4709613752580844 -0.5617293670361604
0.45022526988354666 -0.2651751633321547
-1.3322212419135997 2.2241138265275815
-1.5725543708388119 -1.245188371318368
0.41440922211224024 0.9768192855897303
-2.5319943196706904 -2.2037265505245487
12.548375193569049 0.3965651584288052
10.10343210483126 -0.4566561053386165
7.010328270545216 -1.1665167729912602
9.205410458656043 1.0456031178510183
9.289169582527954 -0.6306211494480504
9.719176778113493 -0.2941571174566374
13.822172300130958 -0.5271819768270467
8.076118579711268 -3.4399637360344464
10.709139553235897 -0.6474676270695467
12.483909181620943 -1.990835218270426
7.06620681846745 -1.4273456709698356
9.915436126937365 0.3660167944113366
9.466735366672335 0.4732221494787142
12.705972815213158 1.7097862074027108
8.667570605813808 -0.18965476302812356
7.16342139915806 -2.198572611209053
7.800003370359167 2.5247059890138015
7.948521464715401 2.7609554850008666
8.751487813363461 -2.652655156214113
10.348415490228879 -0.8786804491404726
9.210722065031787 0.18130820058731148
13.330114991213577 -0.2640243306251229
8.03783930804104 -0.9397185473303844
8.05848190371752 -1.0504020488937753
8.439107976693451 0.4768404353111172
9.605061515613498 1.554054641667554
9.990914522528731 -0.043404286992012646
12.304935167379092 3.1066163182591766
9.074680754814596 -2.1093539018695173
7.107500979659562 1.2404366183243432
7.295858242153234 1.6172838501487643
11.265783008479357 2.0566793680042608
6.849937651647524 0.14864567321892802
10.829119982631763 0.1649662121795316
10.67072309933874 1.17376318294205
10.949113946313577 1.1994404753153969
11.257928518921219 -0.8709841291383837
10.254193995001643 0.032274484316562824
13.111533551929785 -0.2687096588801457
12.962873407963583 -1.182732580866466
9.131592291174691 0.5345561513085955
12.876253056631258 0.17295110507277478
10.065328242674322 2.088710845566168
8.382180664823988 -1.7710033311827251
7.616272702277548 2.8997291106996266
9.939768404941251 0.2600448327659541
10.05422499218276 -0.799264053317819
9.301105819475291 0.9839759346144454
13.063470616620648 -1.4973456984577083
9.572414614885783 -1.5211802443114706
9.603155599839358 0.9681271430901741
10.013055629297417 0.6835980544463591
10.254041611512138 -0.45761853411274106
8.375607040222716 2.8115396258494827
11.696352187220016 -2.545600254148809
9.40134494590734 0.480305475750828
10.662418946869781 -3.5994630440212587
10.35824574298584 -0.24149531851137176
13.085254277822742 1.1175016794054904
11.418694496385218 -1.7409401561733435
11.016400990775328 3.8532719453360893
8.150501073336255 -1.7408577473776665
9.85690331414849 0.3791199776289519
11.65809755419 -2.7572512664084354
8.523517147985952 -0.39248680896752874
8.623312900226157 1.3178589337038709
8.580940834190429 -0.7069687612187348
9.962731509469405 2.245088175956651
11.173954590057772 3.303888811638946
13.550733163795407 -1.1647522623453161
7.273686495041263 -1.7379063750997295
9.949041025350045 2.0036626693737616
8.770315106258822 0.3451671397192386
10.335403890165143 -2.248869056388012
10.150608494509665 0.5484975428218742
10.576737343363313 -0.594032270827739
10.231932861237919 0.06558592021089915
11.303385074241213 -0.0841765311046981
11.785651889066786 -0.7598995585265987
11.151757848678383 -0.539255595026178
9.51600594203486 -0.6621753492177688
9.0800666563993 -1.6549882326000005
11.291251286048976 -0.375942508290961
9.780958445381525 0.02395838813725887
9.287866976278568 0.9433252699534321
8.706597332906194 2.445803773527641
8.774584548398227 0.3811028260263174
13.656674927534135 -0.3996038885161584
8.483271146021151 1.6010121873327816
9.897856033032005 -1.5465468148315153
8.938738184058455 -0.9340125351013135
8.400428987660353 1.5974867050828616
11.176744653125633 3.4917949229473444
11.68433053828414 -2.7481889422880816
7.018420933660199 2.267637472798803
8.029806248040389 -1.1426920879455653
8.385031505359015 -3.366151179728748
12.889240341993643 0.9677026493972951
7.523521416267672 -1.247641505043855
8.830833519705592 1.1262997620639386