1 1.06203 8.85018
2 1.77537 5.80475
3 2.00415 5.65797
4 4.92431 7.57971
5 5.93268 11.1833
6 6.72983 7.76241
7 5.18933 10.4015
8 3.43124 8.01828
9 3.10932 4.42836
10 1.48346 7.57958
11 2.99166 6.0344
12 2.59958 10.0367
13 4.16507 8.77274
14 1.04926 7.81085
15 2.16704 5.39284
16 4.89977 6.14307
17 3.91531 8.09125
18 4.68284 5.97098
19 4.36258 6.84027
20 7.02421 7.49424
21 2.09958 5.17439
22 3.23398 7.56128
23 2.24054 10.0548
24 2.61609 5.53706
25 1.12088 10.4752
26 0.718012 6.97377
27 2.98408 10.3746
28 3.4193 8.21115
29 7.36133 6.60892
30 6.27119 6.3475
31 2.54813 10.7841
32 3.75716 9.68456
33 6.24341 9.45244
34 3.95833 8.13169
35 3.29889 6.52218
36 1.98699 8.0288
37 3.59623 4.31889
38 2.60277 7.21851
39 4.45295 4.18268
40 5.72519 8.58655
41 0.344418 8.08292
42 0.321736 7.55994
43 6.20381 10.9317
44 3.26673 7.70274
45 4.51689 8.36213
46 4.23296 7.63065
47 4.11827 7.34696
48 4.23115 7.4212
49 3.38691 8.37872
50 4.90394 8.14576
51 4.50758 5.64456
52 1.64718 8.39478
53 6.3318 6.25356
54 4.88366 7.17234
55 4.27028 9.41405
56 2.51834 8.40132
57 3.61228 7.51713
58 1.72136 10.6486
59 4.01898 8.02023
60 3.41707 7.07617
61 5.32204 7.35586
62 4.77056 8.62039
63 4.00056 8.44061
64 3.78278 9.09018
65 5.77585 10.1031
66 4.08744 7.99722
67 3.64705 8.10665
68 4.35277 4.12751
69 0.558126 7.31355
70 2.09305 8.02445
71 2.37874 9.72656
72 4.08986 9.30843
73 6.02954 10.5782
74 3.75997 4.13483
75 0.623412 7.73849
76 2.24604 8.57936
77 3.50346 8.04802
78 3.77481 9.59393
79 1.40151 10.7048
80 4.78628 7.72695
81 3.25768 6.1244
82 3.6867 8.32627
83 6.50189 5.20685
84 3.76102 6.17905
85 4.22611 9.39578
86 3.54846 9.51686
87 1.37208 9.20211
88 3.46835 4.75267
89 4.24895 4.29534
90 5.08078 6.52595
91 0.306233 8.27841
92 3.47153 9.17987
93 5.74583 7.38135
94 0.774728 8.49837
95 3.6586 8.31646
96 3.23895 8.0614
97 2.54235 9.90281
98 4.74109 7.23899
99 1.37245 8.07621
100 3.00751 11.5546
101 -1.40386 2.70254
102 -1.08038 -1.66281
103 3.20985 2.35064
104 0.384983 -0.00973488
105 2.54683 -0.156005
106 -0.754658 -1.55786
107 -3.02448 1.39488
108 1.69116 0.705059
109 0.269536 3.14766
110 -1.24682 2.06786
111 0.855513 3.24928
112 -2.58831 1.44681
113 -0.00739032 -0.00312874
114 1.23533 3.25294
115 -0.00957329 0.0537214
116 -0.203434 0.207647
117 -0.496208 -1.24984
118 1.58108 -0.552805
119 0.0268409 -0.00732821
120 -0.154395 -0.625799
121 1.66898 2.17209
122 0.54879 -3.93357
123 0.568923 0.29554
124 3.35213 -1.47879
125 -0.550921 0.143359
126 0.547669 1.72242
127 0.518371 3.22558
128 -2.42792 0.733472
129 -2.41555 0.875223
130 -1.3547 -0.258694
131 -0.159842 0.0861794
132 0.690264 1.76809
133 1.85771 -2.81266
134 -0.560215 -0.409888
135 3.78125 -1.01175
136 0.23234 -0.627089
137 0.540403 0.240897
138 -1.02179 -2.6807
139 1.99117 0.649515
140 1.93617 -0.855948
141 2.85007 -0.243682
142 -0.223454 -0.716636
143 -0.341885 -3.9673
144 -1.24311 1.46909
145 -0.0325396 -0.0948222
146 1.93866 0.72237
147 -1.91619 -1.03275
148 -0.752193 -0.998369
149 1.21201 1.56921
150 1.78648 -0.2737
151 3.12546 1.97402
152 -1.88857 -2.20594
153 1.17007 0.226971
154 0.617826 -1.60315
155 2.28607 2.29939
156 -2.60542 -0.733795
157 2.42317 -2.05587
158 -1.04376 2.69157
159 1.18149 -2.98549
160 1.23283 0.0132338
161 -0.437623 -3.11043
162 2.90353 -2.0655
163 2.27913 -1.50471
164 0.989711 -0.734835
165 1.28159 -0.942494
166 0.0362923 -0.00368739
167 1.16499 2.41596
168 0.56251 3.88201
169 -1.63281 -0.871922
170 -2.03397 -1.747
171 2.75911 -0.389127
172 -2.86816 2.04745
173 -0.158507 0.0800089
174 0.281393 1.70557
175 0.877816 -1.02618
176 -0.0533927 0.0333351
177 -0.501756 -0.0374576
178 -0.105152 -0.267527
179 -0.927392 0.644041
180 -0.659902 0.0733597
181 -1.17563 -0.0814865
182 -2.0655 -1.06973
183 -2.48964 1.09073
184 -0.719857 1.68082
185 -2.38815 1.44239
186 -2.09208 -0.411218
187 0.912159 -3.32071
188 0.0820959 -0.00373978
189 2.58097 1.68011
190 1.36045 -1.44684
191 -3.39572 -1.55533
192 -0.956886 1.34218
193 -0.558117 -1.41873
194 -0.521746 0.147704
195 -0.470961 -0.561729
196 0.450225 -0.265175
197 -1.33222 2.22411
198 -1.57255 -1.24519
199 0.414409 0.976819
200 -2.53199 -2.20373
201 12.5484 0.396565
202 10.1034 -0.456656
203 7.01033 -1.16652
204 9.20541 1.0456
205 9.28917 -0.630621
206 9.71918 -0.294157
207 13.8222 -0.527182
208 8.07612 -3.43996
209 10.7091 -0.647468
210 12.4839 -1.99084
211 7.06621 -1.42735
212 9.91544 0.366017
213 9.46674 0.473222
214 12.706 1.70979
215 8.66757 -0.189655
216 7.16342 -2.19857
217 7.8 2.52471
218 7.94852 2.76096
219 8.75149 -2.65266
220 10.3484 -0.87868
221 9.21072 0.181308
222 13.3301 -0.264024
223 8.03784 -0.939719
224 8.05848 -1.0504
225 8.43911 0.47684
226 9.60506 1.55405
227 9.99091 -0.0434043
228 12.3049 3.10662
229 9.07468 -2.10935
230 7.1075 1.24044
231 7.29586 1.61728
232 11.2658 2.05668
233 6.84994 0.148646
234 10.8291 0.164966
235 10.6707 1.17376
236 10.9491 1.19944
237 11.2579 -0.870984
238 10.2542 0.0322745
239 13.1115 -0.26871
240 12.9629 -1.18273
241 9.13159 0.534556
242 12.8763 0.172951
243 10.0653 2.08871
244 8.38218 -1.771
245 7.61627 2.89973
246 9.93977 0.260045
247 10.0542 -0.799264
248 9.30111 0.983976
249 13.0635 -1.49735
250 9.57241 -1.52118
251 9.60316 0.968127
252 10.0131 0.683598
253 10.254 -0.457619
254 8.37561 2.81154
255 11.6964 -2.5456
256 9.40134 0.480305
257 10.6624 -3.59946
258 10.3582 -0.241495
259 13.0853 1.1175
260 11.4187 -1.74094
261 11.0164 3.85327
262 8.1505 -1.74086
263 9.8569 0.37912
264 11.6581 -2.75725
265 8.52352 -0.392487
266 8.62331 1.31786
267 8.58094 -0.706969
268 9.96273 2.24509
269 11.174 3.30389
270 13.5507 -1.16475
271 7.27369 -1.73791
272 9.94904 2.00366
273 8.77032 0.345167
274 10.3354 -2.24887
275 10.1506 0.548498
276 10.5767 -0.594032
277 10.2319 0.0655859
278 11.3034 -0.0841765
279 11.7857 -0.7599
280 11.1518 -0.539256
281 9.51601 -0.662175
282 9.08007 -1.65499
283 11.2913 -0.375943
284 9.78096 0.0239584
285 9.28787 0.943325
286 8.7066 2.4458
287 8.77458 0.381103
288 13.6567 -0.399604
289 8.48327 1.60101
290 9.89786 -1.54655
291 8.93874 -0.934013
292 8.40043 1.59749
293 11.1767 3.49179
294 11.6843 -2.74819
295 7.01842 2.26764
296 8.02981 -1.14269
297 8.38503 -3.36615
298 12.8892 0.967703
299 7.52352 -1.24764
300 8.83083 1.1263